eval_loss = 0.1937697547551125
fn = 1008
fp = 330
mcc = 0.5051954791269745
tn = 13722
tp = 759
