eval_loss = 0.22290958176668088
fn = 694
fp = 787
mcc = 0.5390668121601556
tn = 13265
tp = 1073
