eval_loss = 0.22212867434125977
fn = 715
fp = 444
mcc = 0.6068770175868597
tn = 13608
tp = 1052
