eval_loss = 0.21049617970794537
fn = 883
fp = 445
mcc = 0.5321165083506391
tn = 13607
tp = 884
