eval_loss = 0.22231028459486396
fn = 554
fp = 987
mcc = 0.5609831974842232
tn = 13065
tp = 1213
