eval_loss = 0.18771657158619007
fn = 1046
fp = 282
mcc = 0.5014956731651582
tn = 13770
tp = 721
