eval_loss = 0.20963876090281075
fn = 719
fp = 438
mcc = 0.6067199661012459
tn = 13614
tp = 1048
