eval_loss = 0.24060833981505847
fn = 430
fp = 1145
mcc = 0.5847474649294291
tn = 12907
tp = 1337
