eval_loss = 0.23627701054334665
fn = 587
fp = 616
mcc = 0.6195429264234409
tn = 13436
tp = 1180
