eval_loss = 0.18682054258449884
fn = 627
fp = 654
mcc = 0.5946697145939562
tn = 13398
tp = 1140
